{
 "cells": [
  {
   "cell_type": "code",
   "execution_count": 9,
   "metadata": {},
   "outputs": [],
   "source": [
    "import pandas as pd, numpy as np\n",
    "import umap\n",
    "import seaborn as sns"
   ]
  },
  {
   "cell_type": "code",
   "execution_count": 6,
   "metadata": {},
   "outputs": [],
   "source": [
    "from transformers import AutoModel, AutoTokenizer\n",
    "import torch\n",
    "import matplotlib.pyplot as plt\n",
    "\n",
    "MODEL_NAME = 'AshtonIsNotHere/GatorTron-OG'\n",
    "\n",
    "model = AutoModel.from_pretrained(MODEL_NAME)\n",
    "tokenizer = AutoTokenizer.from_pretrained(MODEL_NAME)"
   ]
  },
  {
   "cell_type": "code",
   "execution_count": 2,
   "metadata": {},
   "outputs": [],
   "source": [
    "# Regions of the brain\n",
    "cortex_regions = [\n",
    "    'Frontal Lobe',\n",
    "    'Parietal Lobe',\n",
    "    'Left Temporal Lobe',\n",
    "    'Right Temporal Lobe',\n",
    "    'Occipital Lobe',\n",
    "    'Central Region'\n",
    "]\n",
    "\n",
    "# Dictionary describing eeg electrodes\n",
    "electrodes_descriptions = {\n",
    "    'EEG FP1': 'Fp1 is an EEG electrode positioned at the frontopolar region of the scalp on the left side. It is commonly used to record electrical brain activity in that specific area. The Fp1 electrode is important for capturing frontal lobe activity, including cognitive processes such as attention, decision-making, and emotional responses. It plays a crucial role in EEG monitoring and can provide valuable insights into brain function.',\n",
    "    'EEG FP2': 'Fp2 is an EEG electrode placed at the frontopolar region of the scalp on the right side. It is similar to Fp1 in terms of function and purpose. By recording electrical signals from the right frontopolar area, the Fp2 electrode helps monitor activity in the frontal lobe. This electrode can be instrumental in detecting abnormalities or changes in cognitive processing, emotional regulation, and other functions associated with the frontal brain regions.',\n",
    "    'EEG F3': 'F3 is an EEG electrode positioned on the left side of the scalp, over the frontal lobe. It captures electrical brain activity from the left frontal region and plays a crucial role in monitoring cognitive processes, attention, and motor planning associated with the left hemisphere. The F3 electrode is essential for evaluating frontal lobe abnormalities and can provide valuable insights into conditions such as epilepsy, ADHD, and executive function disorders.',\n",
    "    'EEG F4': \"F4 is an EEG electrode situated on the right side of the scalp, mirroring F3's position. It records electrical signals originating from the right frontal lobe. Similar to F3, the F4 electrode is vital for assessing cognitive functions, attention, and motor planning associated with the right hemisphere. Monitoring the electrical activity in this area is crucial for detecting abnormalities or changes in brain function and can aid in the diagnosis and management of various neurological disorders.\",\n",
    "    'EEG C3': \"C3 is an EEG electrode placed on the left side of the scalp, over the central region. It captures electrical brain activity from the left central area, including the sensorimotor cortex. The C3 electrode is important for studying motor control, movement planning, and somatosensory processing associated with the left hemisphere. Monitoring this region can help identify abnormalities or disruptions in motor function and contribute to the evaluation of conditions such as stroke, movement disorders, and brain injuries.\",\n",
    "    'EEG C4': \"C4 is an EEG electrode located on the right side of the scalp, corresponding to C3's position. It records electrical signals from the right central region, encompassing the sensorimotor cortex. Similar to C3, the C4 electrode is crucial for monitoring motor control, movement planning, and somatosensory processing associated with the right hemisphere. It plays a significant role in assessing motor function asymmetries and can aid in the diagnosis and treatment of conditions such as Parkinson's disease, motor cortex lesions, and focal seizures.\",\n",
    "    'EEG P3': \"P3 is an EEG electrode positioned on the left side of the scalp, above the parietal lobe. It captures electrical brain activity from the left parietal region, which is involved in processes such as spatial awareness, attention, and sensory integration. The P3 electrode is essential for studying visuospatial processing, visual attention, and other functions associated with the left hemisphere's parietal areas. Monitoring this region can provide valuable insights into conditions like neglect syndrome, spatial processing disorders, and attentional deficits.\",\n",
    "    'EEG P4': \"P4 is an EEG electrode situated on the right side of the scalp, mirroring P3's position. It records electrical signals from the right parietal lobe. The P4 electrode is instrumental in monitoring visuospatial processing, attention, and sensory integration associated with the right hemisphere's parietal regions. By assessing electrical activity in this area, it can help identify abnormalities or changes in brain function and contribute to the evaluation and management of conditions such as spatial neglect, visual attention disorders, and parietal lobe epilepsy.\",\n",
    "    'EEG O1': \"O1 is an EEG electrode positioned on the left side of the scalp, over the occipital lobe. It captures electrical brain activity from the left occipital region, which is primarily responsible for visual processing and perception. The O1 electrode is essential for studying visual evoked potentials, visual attention, and other functions associated with the left hemisphere's occipital areas. Monitoring this region can provide valuable insights into conditions such as visual processing disorders, occipital lobe epilepsy, and visual hallucinations.\",\n",
    "    'EEG O2': \"O2 is an EEG electrode situated on the right side of the scalp, corresponding to O1's position. It records electrical signals from the right occipital lobe. Similar to O1, the O2 electrode is vital for monitoring visual processing, visual attention, and perception associated with the right hemisphere's occipital areas. It plays a significant role in assessing visual function asymmetries and can aid in the diagnosis and management of conditions such as visual field defects, occipital seizures, and visual processing impairments.\",\n",
    "    'EEG F7': \"F7 is an EEG electrode situated at the left frontotemporal region of the scalp. It captures electrical activity from the left side of the brain, specifically the frontal and temporal lobes. The F7 electrode plays a significant role in assessing brain functions related to language processing, memory, and emotion. It is particularly useful for investigating disorders like epilepsy and monitoring the presence of abnormal electrical patterns in these areas.\",\n",
    "    'EEG F8': \"F8 is an EEG electrode positioned at the right frontotemporal region of the scalp. It complements F7 by capturing electrical brain activity from the right frontal and temporal lobes. The F8 electrode helps monitor cognitive functions associated with the right hemisphere, including language processing, memory retrieval, and emotional regulation. It is essential for identifying any asymmetries or abnormalities in these brain regions and can contribute to the diagnosis and treatment of various neurological conditions.\",\n",
    "    'EEG T3': \"T3 is an EEG electrode located on the left side of the scalp, above the temporal lobe. It records electrical signals originating from the left temporal region of the brain. The T3 electrode is significant for monitoring auditory processing, language comprehension, and memory functions associated with the left hemisphere. It is commonly used in diagnosing and studying conditions such as temporal lobe epilepsy and language-related disorders.\",\n",
    "    'EEG T4': \"T4 is an EEG electrode placed on the right side of the scalp, above the temporal lobe. It complements T3 by recording electrical brain activity from the right temporal region. By monitoring the right hemisphere's functions related to auditory processing, language comprehension, and memory, the T4 electrode assists in assessing brain activity asymmetries and identifying abnormalities in these areas. It is particularly useful in the evaluation of temporal lobe epilepsy and language disorders.\",\n",
    "    'EEG T5': \"T5 is an EEG electrode placed on the left side of the scalp, above the temporal lobe, but slightly posterior to T3. It captures electrical brain activity from the left temporal region, particularly the superior and posterior aspects. The T5 electrode is important for studying auditory processing, language comprehension, and memory functions associated with the left hemisphere's superior temporal gyrus. Monitoring this region can provide valuable insights into conditions such as temporal lobe epilepsy, auditory processing disorders, and language impairments.\",\n",
    "    'EEG T6': \"T6 is an EEG electrode located on the right side of the scalp, corresponding to T5's position. It records electrical signals from the right temporal region, particularly the superior and posterior aspects of the superior temporal gyrus. Similar to T5, the T6 electrode is crucial for monitoring auditory processing, language comprehension, and memory functions associated with the right hemisphere. It plays a significant role in assessing auditory function asymmetries and can aid in the diagnosis and treatment of conditions such as temporal lobe epilepsy, auditory hallucinations, and language disorders.\",\n",
    "    'EEG FZ': \"FZ is an EEG electrode positioned at the midline of the scalp, between F3 and F4. It captures electrical brain activity from the frontal-central region known as the midline prefrontal cortex. The FZ electrode is important for studying cognitive processes, working memory, and attention regulation. Monitoring this midline region can provide valuable insights into executive functions, emotional regulation, and frontal lobe abnormalities. It is particularly useful in the evaluation of conditions such as attention deficit hyperactivity disorder (ADHD), frontal lobe epilepsy, and mood disorders.\",\n",
    "    'EEG CZ': \"CZ is an EEG electrode placed at the midline of the scalp, between C3 and C4. It records electrical signals from the central-parietal region, encompassing the sensorimotor and somatosensory cortices. The CZ electrode is crucial for monitoring motor control, sensory integration, and somatosensory processing. It plays a significant role in assessing abnormalities or changes in sensorimotor functions and can contribute to the evaluation and treatment of conditions such as movement disorders, sensory processing disorders, and central seizures.\",\n",
    "    'EEG PZ': \"PZ is an EEG electrode positioned at the midline of the scalp, between P3 and P4. It captures electrical brain activity from the parietal-occipital region, which encompasses the parietal lobes and the posterior aspects of the occipital lobes. The PZ electrode plays a crucial role in studying visuospatial processing, attention, and sensory integration in the parietal and occipital regions. It is particularly useful for monitoring visual-spatial cognition, visual attention, and multisensory integration processes. The PZ electrode can provide valuable insights into conditions such as spatial neglect, visuospatial processing disorders, and parietal lobe epilepsy. By monitoring electrical signals from this region, it contributes to the evaluation and understanding of brain activity patterns related to visuospatial perception and attentional processes.\"\n",
    "}\n",
    "\n",
    "# Dictionary describing brain regions\n",
    "cortex_regions_descriptions = {\n",
    "    'Frontal Lobe': 'The frontal lobe, located at the front of the brain, is involved in a wide range of higher cognitive functions. It plays a crucial role in executive functions such as decision-making, problem-solving, planning, and reasoning. Additionally, the frontal lobe contributes to motor control, including the initiation and coordination of voluntary movements. It also influences personality, social behavior, emotional regulation, and attentional processes. EEG electrodes associated with the frontal lobe include Fp1, Fp2, F3, F4, F7, F8, and FZ.',\n",
    "    'Parietal Lobe': 'The parietal lobe, situated near the top and back of the brain, is responsible for various functions related to sensory perception and spatial awareness. It integrates sensory information from different modalities, such as touch, temperature, and proprioception, to create our perception of the surrounding world. The parietal lobe is also involved in spatial cognition, attentional processes, and the coordination of movements. It helps us navigate our environment and manipulate objects in space. EEG electrodes associated with the parietal lobe include P3, P4, PZ, and sometimes T5 and T6.',\n",
    "    'Left Temporal Lobe': \"The left temporal lobe, located on the left side of the brain, is involved in several crucial functions. It plays a critical role in auditory processing, allowing us to perceive and interpret sounds. In particular, the left temporal lobe is involved in language comprehension and production, including the understanding and generation of spoken and written language. It houses important language-related structures, such as Wernicke's area, which contributes to language processing and semantic understanding. Additionally, the left temporal lobe is involved in memory formation, including the encoding and retrieval of verbal and auditory information. EEG electrodes associated with the left temporal lobe include T3, T5, and sometimes P3.\",\n",
    "    'Right Temporal Lobe': \"The right temporal lobe, positioned on the right side of the brain, shares several functions with the left temporal lobe. It is involved in auditory processing, including the perception and interpretation of sounds. While the left temporal lobe primarily handles language functions, the right temporal lobe is crucial for the processing of non-verbal auditory information, such as music and environmental sounds. It also contributes to aspects of visual-spatial processing and facial recognition. Additionally, the right temporal lobe plays a role in memory formation, particularly in the retrieval of non-verbal and visuospatial memories. EEG electrodes associated with the right temporal lobe include T4, T6, and sometimes P4.\",\n",
    "    'Occipital Lobe': \"The occipital lobe, located at the back of the brain, is primarily dedicated to visual processing. It receives and processes visual information from the eyes, allowing us to perceive and interpret the world around us. The occipital lobe contains specialized regions that process different aspects of vision, such as object recognition, color perception, and motion detection. It helps us form visual representations of the environment and allows us to recognize and identify objects, faces, and visual patterns. EEG electrodes associated with the occipital lobe include O1 and O2.\",\n",
    "    'Central Region': \"The central region encompasses the sensorimotor cortex, which is responsible for motor control and somatosensory processing. It plays a critical role in planning and executing voluntary movements. The central region receives sensory information related to touch, pressure, pain, and temperature, providing us with a sense of our body's position, movement, and interaction with the environment. This region is involved in the coordination and modulation of movements, integrating sensory feedback with motor commands to ensure smooth and precise execution of actions. The central region helps us manipulate objects, perform complex motor tasks, and engage in activities requiring fine motor control. EEG electrodes associated with the central region include C3, C4, CZ, and sometimes F3 and F4.\"\n",
    "}\n",
    "\n",
    "# Dictionary mapping brain regions to eeg electrodes\n",
    "electrodes_regions = {\n",
    "    'EEG FP1': 'Frontal Lobe',\n",
    "    'EEG FP2': 'Frontal Lobe',\n",
    "    'EEG F3': 'Frontal Lobe',\n",
    "    'EEG F4': 'Frontal Lobe',\n",
    "    'EEG C3': 'Central Region',\n",
    "    'EEG C4': 'Central Region',\n",
    "    'EEG P3': 'Parietal Lobe',\n",
    "    'EEG P4': 'Parietal Lobe',\n",
    "    'EEG O1': 'Occipital Lobe',\n",
    "    'EEG O2': 'Occipital Lobe',\n",
    "    'EEG F7': 'Frontal Lobe',\n",
    "    'EEG F8': 'Frontal Lobe',\n",
    "    'EEG T3': 'Left Temporal Lobe',\n",
    "    'EEG T4': 'Right Temporal Lobe',\n",
    "    'EEG T5': 'Left Temporal Lobe',\n",
    "    'EEG T6': 'Right Temporal Lobe',\n",
    "    'EEG FZ': 'Frontal Lobe',\n",
    "    'EEG CZ': 'Central Region',\n",
    "    'EEG PZ': 'Parietal Lobe'\n",
    "}"
   ]
  },
  {
   "cell_type": "code",
   "execution_count": 3,
   "metadata": {},
   "outputs": [],
   "source": [
    "descriptions = []\n",
    "for node, descp in electrodes_descriptions.items():\n",
    "    descp = f'This node represents electrode {node.split()[1]} recordings. {descp}'\n",
    "    descriptions.append(descp)\n",
    "for node, descp in cortex_regions_descriptions.items():\n",
    "    descp = f'This is a meta-node that represents the recordings for {node} region of the cortext. {descp}'\n",
    "    descriptions.append(descp)"
   ]
  },
  {
   "cell_type": "code",
   "execution_count": 4,
   "metadata": {},
   "outputs": [
    {
     "name": "stderr",
     "output_type": "stream",
     "text": [
      "Asking to truncate to max_length but no maximum length is provided and the model has no predefined maximum length. Default to no truncation.\n"
     ]
    },
    {
     "name": "stdout",
     "output_type": "stream",
     "text": [
      "torch.Size([25, 1024])\n"
     ]
    }
   ],
   "source": [
    "# Tokenize the input sentences\n",
    "tokens = tokenizer.batch_encode_plus(descriptions, add_special_tokens=True, truncation=True, padding='longest', return_tensors=\"pt\")\n",
    "\n",
    "# Obtain the sentence embeddings\n",
    "with torch.no_grad():\n",
    "    outputs = model(**tokens)\n",
    "    sentence_embeddings = outputs.last_hidden_state.mean(dim=1)  # Assuming the model uses mean pooling\n",
    "\n",
    "print(sentence_embeddings.shape)\n",
    "embed_tensor = sentence_embeddings.unsqueeze(0)\n"
   ]
  },
  {
   "cell_type": "code",
   "execution_count": 5,
   "metadata": {},
   "outputs": [
    {
     "data": {
      "text/plain": [
       "tensor([[1.0000, 0.9818, 0.9807, 0.9788, 0.9726, 0.9638, 0.9660, 0.9657, 0.9700,\n",
       "         0.9595, 0.9762, 0.9782, 0.9777, 0.9705, 0.9690, 0.9518, 0.9656, 0.9687,\n",
       "         0.9377, 0.9334, 0.9404, 0.9126, 0.9101, 0.9304, 0.9141],\n",
       "        [0.9818, 1.0000, 0.9784, 0.9863, 0.9718, 0.9684, 0.9597, 0.9712, 0.9671,\n",
       "         0.9672, 0.9787, 0.9803, 0.9752, 0.9755, 0.9660, 0.9556, 0.9695, 0.9708,\n",
       "         0.9366, 0.9296, 0.9383, 0.9101, 0.9124, 0.9270, 0.9164],\n",
       "        [0.9807, 0.9784, 1.0000, 0.9874, 0.9826, 0.9754, 0.9779, 0.9791, 0.9781,\n",
       "         0.9709, 0.9880, 0.9890, 0.9821, 0.9797, 0.9761, 0.9636, 0.9789, 0.9779,\n",
       "         0.9351, 0.9387, 0.9423, 0.9140, 0.9182, 0.9323, 0.9154],\n",
       "        [0.9788, 0.9863, 0.9874, 1.0000, 0.9825, 0.9832, 0.9698, 0.9830, 0.9755,\n",
       "         0.9787, 0.9857, 0.9892, 0.9803, 0.9846, 0.9753, 0.9672, 0.9704, 0.9798,\n",
       "         0.9398, 0.9316, 0.9393, 0.9141, 0.9198, 0.9282, 0.9212],\n",
       "        [0.9726, 0.9718, 0.9826, 0.9825, 1.0000, 0.9864, 0.9756, 0.9769, 0.9760,\n",
       "         0.9662, 0.9780, 0.9794, 0.9745, 0.9750, 0.9734, 0.9586, 0.9663, 0.9860,\n",
       "         0.9375, 0.9271, 0.9409, 0.9108, 0.9116, 0.9303, 0.9280],\n",
       "        [0.9638, 0.9684, 0.9754, 0.9832, 0.9864, 1.0000, 0.9695, 0.9811, 0.9660,\n",
       "         0.9734, 0.9687, 0.9742, 0.9673, 0.9713, 0.9676, 0.9712, 0.9650, 0.9831,\n",
       "         0.9444, 0.9325, 0.9391, 0.9167, 0.9221, 0.9254, 0.9369],\n",
       "        [0.9660, 0.9597, 0.9779, 0.9698, 0.9756, 0.9695, 1.0000, 0.9830, 0.9838,\n",
       "         0.9712, 0.9679, 0.9709, 0.9668, 0.9644, 0.9769, 0.9709, 0.9727, 0.9734,\n",
       "         0.9662, 0.9487, 0.9645, 0.9387, 0.9437, 0.9563, 0.9411],\n",
       "        [0.9657, 0.9712, 0.9791, 0.9830, 0.9769, 0.9811, 0.9830, 1.0000, 0.9821,\n",
       "         0.9852, 0.9764, 0.9812, 0.9707, 0.9809, 0.9788, 0.9800, 0.9761, 0.9769,\n",
       "         0.9630, 0.9383, 0.9512, 0.9314, 0.9403, 0.9423, 0.9323],\n",
       "        [0.9700, 0.9671, 0.9781, 0.9755, 0.9760, 0.9660, 0.9838, 0.9821, 1.0000,\n",
       "         0.9860, 0.9771, 0.9775, 0.9756, 0.9784, 0.9822, 0.9695, 0.9674, 0.9737,\n",
       "         0.9545, 0.9312, 0.9532, 0.9294, 0.9338, 0.9604, 0.9254],\n",
       "        [0.9595, 0.9672, 0.9709, 0.9787, 0.9662, 0.9734, 0.9712, 0.9852, 0.9860,\n",
       "         1.0000, 0.9715, 0.9761, 0.9687, 0.9771, 0.9726, 0.9745, 0.9608, 0.9695,\n",
       "         0.9501, 0.9244, 0.9438, 0.9212, 0.9301, 0.9499, 0.9214],\n",
       "        [0.9762, 0.9787, 0.9880, 0.9857, 0.9780, 0.9687, 0.9679, 0.9764, 0.9771,\n",
       "         0.9715, 1.0000, 0.9917, 0.9866, 0.9861, 0.9814, 0.9646, 0.9694, 0.9758,\n",
       "         0.9323, 0.9296, 0.9396, 0.9164, 0.9202, 0.9318, 0.9043],\n",
       "        [0.9782, 0.9803, 0.9890, 0.9892, 0.9794, 0.9742, 0.9709, 0.9812, 0.9775,\n",
       "         0.9761, 0.9917, 1.0000, 0.9836, 0.9891, 0.9806, 0.9697, 0.9715, 0.9774,\n",
       "         0.9377, 0.9323, 0.9400, 0.9167, 0.9224, 0.9326, 0.9102],\n",
       "        [0.9777, 0.9752, 0.9821, 0.9803, 0.9745, 0.9673, 0.9668, 0.9707, 0.9756,\n",
       "         0.9687, 0.9866, 0.9836, 1.0000, 0.9853, 0.9816, 0.9710, 0.9583, 0.9735,\n",
       "         0.9275, 0.9215, 0.9415, 0.9205, 0.9195, 0.9361, 0.9057],\n",
       "        [0.9705, 0.9755, 0.9797, 0.9846, 0.9750, 0.9713, 0.9644, 0.9809, 0.9784,\n",
       "         0.9771, 0.9861, 0.9891, 0.9853, 1.0000, 0.9852, 0.9742, 0.9627, 0.9718,\n",
       "         0.9362, 0.9188, 0.9352, 0.9188, 0.9239, 0.9286, 0.9066],\n",
       "        [0.9690, 0.9660, 0.9761, 0.9753, 0.9734, 0.9676, 0.9769, 0.9788, 0.9822,\n",
       "         0.9726, 0.9814, 0.9806, 0.9816, 0.9852, 1.0000, 0.9828, 0.9687, 0.9690,\n",
       "         0.9532, 0.9385, 0.9545, 0.9449, 0.9474, 0.9450, 0.9234],\n",
       "        [0.9518, 0.9556, 0.9636, 0.9672, 0.9586, 0.9712, 0.9709, 0.9800, 0.9695,\n",
       "         0.9745, 0.9646, 0.9697, 0.9710, 0.9742, 0.9828, 1.0000, 0.9650, 0.9619,\n",
       "         0.9571, 0.9353, 0.9462, 0.9479, 0.9544, 0.9392, 0.9301],\n",
       "        [0.9656, 0.9695, 0.9789, 0.9704, 0.9663, 0.9650, 0.9727, 0.9761, 0.9674,\n",
       "         0.9608, 0.9694, 0.9715, 0.9583, 0.9627, 0.9687, 0.9650, 1.0000, 0.9658,\n",
       "         0.9545, 0.9493, 0.9441, 0.9272, 0.9323, 0.9312, 0.9253],\n",
       "        [0.9687, 0.9708, 0.9779, 0.9798, 0.9860, 0.9831, 0.9734, 0.9769, 0.9737,\n",
       "         0.9695, 0.9758, 0.9774, 0.9735, 0.9718, 0.9690, 0.9619, 0.9658, 1.0000,\n",
       "         0.9469, 0.9337, 0.9501, 0.9127, 0.9166, 0.9339, 0.9302],\n",
       "        [0.9377, 0.9366, 0.9351, 0.9398, 0.9375, 0.9444, 0.9662, 0.9630, 0.9545,\n",
       "         0.9501, 0.9323, 0.9377, 0.9275, 0.9362, 0.9532, 0.9571, 0.9545, 0.9469,\n",
       "         1.0000, 0.9520, 0.9573, 0.9584, 0.9622, 0.9465, 0.9601],\n",
       "        [0.9334, 0.9296, 0.9387, 0.9316, 0.9271, 0.9325, 0.9487, 0.9383, 0.9312,\n",
       "         0.9244, 0.9296, 0.9323, 0.9215, 0.9188, 0.9385, 0.9353, 0.9493, 0.9337,\n",
       "         0.9520, 1.0000, 0.9744, 0.9660, 0.9665, 0.9503, 0.9542],\n",
       "        [0.9404, 0.9383, 0.9423, 0.9393, 0.9409, 0.9391, 0.9645, 0.9512, 0.9532,\n",
       "         0.9438, 0.9396, 0.9400, 0.9415, 0.9352, 0.9545, 0.9462, 0.9441, 0.9501,\n",
       "         0.9573, 0.9744, 1.0000, 0.9650, 0.9673, 0.9757, 0.9601],\n",
       "        [0.9126, 0.9101, 0.9140, 0.9141, 0.9108, 0.9167, 0.9387, 0.9314, 0.9294,\n",
       "         0.9212, 0.9164, 0.9167, 0.9205, 0.9188, 0.9449, 0.9479, 0.9272, 0.9127,\n",
       "         0.9584, 0.9660, 0.9650, 1.0000, 0.9908, 0.9564, 0.9530],\n",
       "        [0.9101, 0.9124, 0.9182, 0.9198, 0.9116, 0.9221, 0.9437, 0.9403, 0.9338,\n",
       "         0.9301, 0.9202, 0.9224, 0.9195, 0.9239, 0.9474, 0.9544, 0.9323, 0.9166,\n",
       "         0.9622, 0.9665, 0.9673, 0.9908, 1.0000, 0.9565, 0.9535],\n",
       "        [0.9304, 0.9270, 0.9323, 0.9282, 0.9303, 0.9254, 0.9563, 0.9423, 0.9604,\n",
       "         0.9499, 0.9318, 0.9326, 0.9361, 0.9286, 0.9450, 0.9392, 0.9312, 0.9339,\n",
       "         0.9465, 0.9503, 0.9757, 0.9564, 0.9565, 1.0000, 0.9497],\n",
       "        [0.9141, 0.9164, 0.9154, 0.9212, 0.9280, 0.9369, 0.9411, 0.9323, 0.9254,\n",
       "         0.9214, 0.9043, 0.9102, 0.9057, 0.9066, 0.9234, 0.9301, 0.9253, 0.9302,\n",
       "         0.9601, 0.9542, 0.9601, 0.9530, 0.9535, 0.9497, 1.0000]])"
      ]
     },
     "execution_count": 5,
     "metadata": {},
     "output_type": "execute_result"
    }
   ],
   "source": [
    "similarity_matrix = torch.bmm(embed_tensor, embed_tensor.transpose(1, 2))\n",
    "\n",
    "# Compute the magnitudes of each embedding vector\n",
    "magnitude = torch.norm(embed_tensor, p=2, dim=2, keepdim=True)\n",
    "\n",
    "# Normalize the dot product by the magnitudes\n",
    "normalized_similarity_matrix = similarity_matrix / (magnitude * magnitude.transpose(1, 2))\n",
    "\n",
    "# Apply a softmax function to obtain a probability distribution\n",
    "# similarity_matrix_prob = F.softmax(normalized_similarity_matrix, dim=2).mean(dim=0)\n",
    "\n",
    "normalized_similarity_matrix.mean(dim=0).abs()\n",
    "# return similarity_matrix_prob"
   ]
  },
  {
   "cell_type": "code",
   "execution_count": 13,
   "metadata": {},
   "outputs": [
    {
     "data": {
